Tolerance: 0.155340  Pearson's Correlation: 0.545942
Tolerance: 0.155340  Pearson's Correlation: 0.545942
