Tolerance: 0.202593  Pearson's Correlation: 0.586227
Tolerance: 0.202593  Pearson's Correlation: 0.586227
Tolerance: 0.202593  Pearson's Correlation: 0.586227
